  -0.02827
   0.34950
  -0.03066
   0.46675
  -0.02504
   0.58470
  -0.00815
   0.70437
   0.03005
   0.81417
   0.10535
   0.90824
   0.20692
   0.98044
   0.32579
   1.03557
   0.45838
   1.05897
   0.58543
   1.04948
   0.69362
   1.00332
   0.78357
   0.94288
   0.85270
   0.85833
   0.89664
   0.76221
   0.92566
   0.65728
   0.94683
   0.55253
   0.96023
   0.44414
   0.10601
   0.16374
   0.16803
   0.08087
   0.26666
   0.03954
   0.37362
   0.04240
   0.46867
   0.08399
   0.59863
   0.10400
   0.68996
   0.08258
   0.78598
   0.09757
   0.86656
   0.14648
   0.90119
   0.23278
   0.52280
   0.24145
   0.51863
   0.30814
   0.51454
   0.37056
   0.51164
   0.43878
   0.39809
   0.53802
   0.44720
   0.55420
   0.49895
   0.56848
   0.54943
   0.56056
   0.59966
   0.55097
   0.20430
   0.27425
   0.26133
   0.24822
   0.32074
   0.25130
   0.37804
   0.28668
   0.31639
   0.29196
   0.25657
   0.28843
   0.64003
   0.30762
   0.70060
   0.28441
   0.75651
   0.29308
   0.80212
   0.32890
   0.75000
   0.33072
   0.69379
   0.32183
   0.30336
   0.72575
   0.37647
   0.66620
   0.44686
   0.63774
   0.49560
   0.65482
   0.54556
   0.64518
   0.60717
   0.68454
   0.66193
   0.75696
   0.59887
   0.79230
   0.53674
   0.80428
   0.48354
   0.80484
   0.43045
   0.79747
   0.36683
   0.77403
   0.33632
   0.72300
   0.44243
   0.70686
   0.49128
   0.71363
   0.54147
   0.71363
   0.63049
   0.74748
   0.53987
   0.73159
   0.48923
   0.73327
   0.43938
   0.72415
